255 255 255 255 255 255 255 255 255 255 255 255 255 255 255 255
255 214 153 153 153 153 153 153 153 153 153 153 153 153 214 255
255 153   0   0   0   0   0   0   0   0   0   0   0   0 153 255
255 153   0   0   0   0   0   0   0   0   0   0   0   0 153 255
255 153   0   0   9  44  44  44  44  44  44   9   0   0 153 255
255 153   0   0  44 222 222 222 222 222 222  44   0   0 153 255
255 153   0   0  44 222 222 222 222 222 222  44   0   0 153 255
255 153   0   0  44 222 222 222 222 222 222  44   0   0 153 255
255 153   0   0  44 207 218 188 208 222 222  44   0   0 153 255
255 153   0   0  44 157 177 137 165 188 193  44   0   0 153 255
255 153   0   0  42 172 178 185 177 188 203  44   0   0 153 255
255 153   0   0   9  44  44  44  44  44  44   9   0   0 153 255
255 153   0   0   0   0   0   0   0   0   0   0   0   0 153 255
255 153   0   0   0   0   0   0   0   0   0   0   0   0 153 255
255 214 153 153 153 153 153 153 153 153 153 153 153 153 214 255
255 255 255 255 255 255 255 255 255 255 255 255 255 255 255 255
255 255 255 255 255 255 255 255 255 255 255 255 255 255 255 255
255 214 153 153 153 153 153 153 153 153 153 153 153 153 214 255
255 153   0   0   0   0   0   0   0   0   0   0   0   0 153 255
255 153   0   0   0   0   0   0   0   0   0   0   0   0 153 255
255 153   0   0   9  44  44  44  44  44  44   9   0   0 153 255
255 153   0   0  44 222 222 222 222 222 222  44   0   0 153 255
255 153   0   0  44 222 222 222 222 222 222  44   0   0 153 255
255 153   0   0  44 222 222 222 222 222 222  44   0   0 153 255
255 153   0   0  44 207 218 188 208 222 222  44   0   0 153 255
255 153   0   0  44 157 177 137 165 186 191  44   0   0 153 255
255 153   0   0  42 172 178 185 177 186 201  44   0   0 153 255
255 153   0   0   9  44  44  44  44  44  44   9   0   0 153 255
255 153   0   0   0   0   0   0   0   0   0   0   0   0 153 255
255 153   0   0   0   0   0   0   0   0   0   0   0   0 153 255
255 214 153 153 153 153 153 153 153 153 153 153 153 153 214 255
255 255 255 255 255 255 255 255 255 255 255 255 255 255 255 255
255 255 255 255 255 255 255 255 255 255 255 255 255 255 255 255
255 214 153 153 153 153 153 153 153 153 153 153 153 153 214 255
255 153   0   0   0   0   0   0   0   0   0   0   0   0 153 255
255 153   0   0   0   0   0   0   0   0   0   0   0   0 153 255
255 153   0   0   9  44  44  44  44  44  44   9   0   0 153 255
255 153   0   0  44 222 222 222 222 222 222  44   0   0 153 255
255 153   0   0  44 222 222 222 222 222 222  44   0   0 153 255
255 153   0   0  44 222 222 222 222 222 222  44   0   0 153 255
255 153   0   0  44 207 218 188 208 222 222  44   0   0 153 255
255 153   0   0  44 157 177 137 164 175 182  44   0   0 153 255
255 153   0   0  42 172 178 185 175 175 195  44   0   0 153 255
255 153   0   0   9  44  44  44  44  44  44   9   0   0 153 255
255 153   0   0   0   0   0   0   0   0   0   0   0   0 153 255
255 153   0   0   0   0   0   0   0   0   0   0   0   0 153 255
255 214 153 153 153 153 153 153 153 153 153 153 153 153 214 255
255 255 255 255 255 255 255 255 255 255 255 255 255 255 255 255

255 255 255 255 255 255 255 255 255 255 255 255 255 255 255 255
255 214 153 153 153 153 153 153 153 153 153 153 153 153 214 255
255 153   0   0   0   0   0   0   0   0   0   0   0   0 153 255
255 153   0   0   0   0   0   0   0   0   0   0   0   0 153 255
255 153   0   0   9  44  44  44  44  44  44   9   0   0 153 255
255 153   0   0  44 222 222 222 222 193 203  44   0   0 153 255
255 153   0   0  44 222 222 222 222 188 188  44   0   0 153 255
255 153   0   0  44 222 222 222 208 165 177  44   0   0 153 255
255 153   0   0  44 222 222 222 188 137 185  44   0   0 153 255
255 153   0   0  44 222 222 222 218 177 178  44   0   0 153 255
255 153   0   0  44 222 222 222 207 157 172  44   0   0 153 255
255 153   0   0   9  44  44  44  44  44  42   9   0   0 153 255
255 153   0   0   0   0   0   0   0   0   0   0   0   0 153 255
255 153   0   0   0   0   0   0   0   0   0   0   0   0 153 255
255 214 153 153 153 153 153 153 153 153 153 153 153 153 214 255
255 255 255 255 255 255 255 255 255 255 255 255 255 255 255 255
255 255 255 255 255 255 255 255 255 255 255 255 255 255 255 255
255 214 153 153 153 153 153 153 153 153 153 153 153 153 214 255
255 153   0   0   0   0   0   0   0   0   0   0   0   0 153 255
255 153   0   0   0   0   0   0   0   0   0   0   0   0 153 255
255 153   0   0   9  44  44  44  44  44  44   9   0   0 153 255
255 153   0   0  44 222 222 222 222 191 201  44   0   0 153 255
255 153   0   0  44 222 222 222 222 186 186  44   0   0 153 255
255 153   0   0  44 222 222 222 208 165 177  44   0   0 153 255
255 153   0   0  44 222 222 222 188 137 185  44   0   0 153 255
255 153   0   0  44 222 222 222 218 177 178  44   0   0 153 255
255 153   0   0  44 222 222 222 207 157 172  44   0   0 153 255
255 153   0   0   9  44  44  44  44  44  42   9   0   0 153 255
255 153   0   0   0   0   0   0   0   0   0   0   0   0 153 255
255 153   0   0   0   0   0   0   0   0   0   0   0   0 153 255
255 214 153 153 153 153 153 153 153 153 153 153 153 153 214 255
255 255 255 255 255 255 255 255 255 255 255 255 255 255 255 255
255 255 255 255 255 255 255 255 255 255 255 255 255 255 255 255
255 214 153 153 153 153 153 153 153 153 153 153 153 153 214 255
255 153   0   0   0   0   0   0   0   0   0   0   0   0 153 255
255 153   0   0   0   0   0   0   0   0   0   0   0   0 153 255
255 153   0   0   9  44  44  44  44  44  44   9   0   0 153 255
255 153   0   0  44 222 222 222 222 182 195  44   0   0 153 255
255 153   0   0  44 222 222 222 222 175 175  44   0   0 153 255
255 153   0   0  44 222 222 222 208 164 175  44   0   0 153 255
255 153   0   0  44 222 222 222 188 137 185  44   0   0 153 255
255 153   0   0  44 222 222 222 218 177 178  44   0   0 153 255
255 153   0   0  44 222 222 222 207 157 172  44   0   0 153 255
255 153   0   0   9  44  44  44  44  44  42   9   0   0 153 255
255 153   0   0   0   0   0   0   0   0   0   0   0   0 153 255
255 153   0   0   0   0   0   0   0   0   0   0   0   0 153 255
255 214 153 153 153 153 153 153 153 153 153 153 153 153 214 255
255 255 255 255 255 255 255 255 255 255 255 255 255 255 255 255

255 255 255 255 255 255 255 255 255 255 255 255 255 255 255 255
255 214 153 153 153 153 153 153 153 153 153 153 153 153 214 255
255 153   0   0   0   0   0   0   0   0   0   0   0   0 153 255
255 153   0   0   0   0   0   0   0   0   0   0   0   0 153 255
255 153   0   0   9  44  44  44  44  44  44   9   0   0 153 255
255 153   0   0  44 203 188 177 185 178 172  42   0   0 153 255
255 153   0   0  44 193 188 165 137 177 157  44   0   0 153 255
255 153   0   0  44 222 222 208 188 218 207  44   0   0 153 255
255 153   0   0  44 222 222 222 222 222 222  44   0   0 153 255
255 153   0   0  44 222 222 222 222 222 222  44   0   0 153 255
255 153   0   0  44 222 222 222 222 222 222  44   0   0 153 255
255 153   0   0   9  44  44  44  44  44  44   9   0   0 153 255
255 153   0   0   0   0   0   0   0   0   0   0   0   0 153 255
255 153   0   0   0   0   0   0   0   0   0   0   0   0 153 255
255 214 153 153 153 153 153 153 153 153 153 153 153 153 214 255
255 255 255 255 255 255 255 255 255 255 255 255 255 255 255 255
255 255 255 255 255 255 255 255 255 255 255 255 255 255 255 255
255 214 153 153 153 153 153 153 153 153 153 153 153 153 214 255
255 153   0   0   0   0   0   0   0   0   0   0   0   0 153 255
255 153   0   0   0   0   0   0   0   0   0   0   0   0 153 255
255 153   0   0   9  44  44  44  44  44  44   9   0   0 153 255
255 153   0   0  44 201 186 177 185 178 172  42   0   0 153 255
255 153   0   0  44 191 186 165 137 177 157  44   0   0 153 255
255 153   0   0  44 222 222 208 188 218 207  44   0   0 153 255
255 153   0   0  44 222 222 222 222 222 222  44   0   0 153 255
255 153   0   0  44 222 222 222 222 222 222  44   0   0 153 255
255 153   0   0  44 222 222 222 222 222 222  44   0   0 153 255
255 153   0   0   9  44  44  44  44  44  44   9   0   0 153 255
255 153   0   0   0   0   0   0   0   0   0   0   0   0 153 255
255 153   0   0   0   0   0   0   0   0   0   0   0   0 153 255
255 214 153 153 153 153 153 153 153 153 153 153 153 153 214 255
255 255 255 255 255 255 255 255 255 255 255 255 255 255 255 255
255 255 255 255 255 255 255 255 255 255 255 255 255 255 255 255
255 214 153 153 153 153 153 153 153 153 153 153 153 153 214 255
255 153   0   0   0   0   0   0   0   0   0   0   0   0 153 255
255 153   0   0   0   0   0   0   0   0   0   0   0   0 153 255
255 153   0   0   9  44  44  44  44  44  44   9   0   0 153 255
255 153   0   0  44 195 175 175 185 178 172  42   0   0 153 255
255 153   0   0  44 182 175 164 137 177 157  44   0   0 153 255
255 153   0   0  44 222 222 208 188 218 207  44   0   0 153 255
255 153   0   0  44 222 222 222 222 222 222  44   0   0 153 255
255 153   0   0  44 222 222 222 222 222 222  44   0   0 153 255
255 153   0   0  44 222 222 222 222 222 222  44   0   0 153 255
255 153   0   0   9  44  44  44  44  44  44   9   0   0 153 255
255 153   0   0   0   0   0   0   0   0   0   0   0   0 153 255
255 153   0   0   0   0   0   0   0   0   0   0   0   0 153 255
255 214 153 153 153 153 153 153 153 153 153 153 153 153 214 255
255 255 255 255 255 255 255 255 255 255 255 255 255 255 255 255

255 255 255 255 255 255 255 255 255 255 255 255 255 255 255 255
255 214 153 153 153 153 153 153 153 153 153 153 153 153 214 255
255 153   0   0   0   0   0   0   0   0   0   0   0   0 153 255
255 153   0   0   0   0   0   0   0   0   0   0   0   0 153 255
255 153   0   0   9  42  44  44  44  44  44   9   0   0 153 255
255 153   0   0  44 172 157 207 222 222 222  44   0   0 153 255
255 153   0   0  44 178 177 218 222 222 222  44   0   0 153 255
255 153   0   0  44 185 137 188 222 222 222  44   0   0 153 255
255 153   0   0  44 177 165 208 222 222 222  44   0   0 153 255
255 153   0   0  44 188 188 222 222 222 222  44   0   0 153 255
255 153   0   0  44 203 193 222 222 222 222  44   0   0 153 255
255 153   0   0   9  44  44  44  44  44  44   9   0   0 153 255
255 153   0   0   0   0   0   0   0   0   0   0   0   0 153 255
255 153   0   0   0   0   0   0   0   0   0   0   0   0 153 255
255 214 153 153 153 153 153 153 153 153 153 153 153 153 214 255
255 255 255 255 255 255 255 255 255 255 255 255 255 255 255 255
255 255 255 255 255 255 255 255 255 255 255 255 255 255 255 255
255 214 153 153 153 153 153 153 153 153 153 153 153 153 214 255
255 153   0   0   0   0   0   0   0   0   0   0   0   0 153 255
255 153   0   0   0   0   0   0   0   0   0   0   0   0 153 255
255 153   0   0   9  42  44  44  44  44  44   9   0   0 153 255
255 153   0   0  44 172 157 207 222 222 222  44   0   0 153 255
255 153   0   0  44 178 177 218 222 222 222  44   0   0 153 255
255 153   0   0  44 185 137 188 222 222 222  44   0   0 153 255
255 153   0   0  44 177 165 208 222 222 222  44   0   0 153 255
255 153   0   0  44 186 186 222 222 222 222  44   0   0 153 255
255 153   0   0  44 201 191 222 222 222 222  44   0   0 153 255
255 153   0   0   9  44  44  44  44  44  44   9   0   0 153 255
255 153   0   0   0   0   0   0   0   0   0   0   0   0 153 255
255 153   0   0   0   0   0   0   0   0   0   0   0   0 153 255
255 214 153 153 153 153 153 153 153 153 153 153 153 153 214 255
255 255 255 255 255 255 255 255 255 255 255 255 255 255 255 255
255 255 255 255 255 255 255 255 255 255 255 255 255 255 255 255
255 214 153 153 153 153 153 153 153 153 153 153 153 153 214 255
255 153   0   0   0   0   0   0   0   0   0   0   0   0 153 255
255 153   0   0   0   0   0   0   0   0   0   0   0   0 153 255
255 153   0   0   9  42  44  44  44  44  44   9   0   0 153 255
255 153   0   0  44 172 157 207 222 222 222  44   0   0 153 255
255 153   0   0  44 178 177 218 222 222 222  44   0   0 153 255
255 153   0   0  44 185 137 188 222 222 222  44   0   0 153 255
255 153   0   0  44 175 164 208 222 222 222  44   0   0 153 255
255 153   0   0  44 175 175 222 222 222 222  44   0   0 153 255
255 153   0   0  44 195 182 222 222 222 222  44   0   0 153 255
255 153   0   0   9  44  44  44  44  44  44   9   0   0 153 255
255 153   0   0   0   0   0   0   0   0   0   0   0   0 153 255
255 153   0   0   0   0   0   0   0   0   0   0   0   0 153 255
255 214 153 153 153 153 153 153 153 153 153 153 153 153 214 255
255 255 255 255 255 255 255 255 255 255 255 255 255 255 255 255
